{
 "cells": [
  {
   "cell_type": "markdown",
   "id": "9d597c8e-9cfd-422c-869b-4c54f7111b67",
   "metadata": {},
   "source": [
    "# CS345 Final Project\n",
    "## Mark Richards and Glen McIntosh"
   ]
  },
  {
   "cell_type": "code",
   "execution_count": 6,
   "id": "b3c591fe-5b9c-481c-9f19-4c5f2b1c5099",
   "metadata": {},
   "outputs": [
    {
     "name": "stdout",
     "output_type": "stream",
     "text": [
      "[55668 3287 14796 22528 149610 False 0.42 0.166 1 -17.235 1 0.0763 0.924\n",
      " 5.56e-06 0.101 0.267 77.489 4 0]\n",
      "55\n"
     ]
    }
   ],
   "source": [
    "#test\n",
    "from sklearn.model_selection import cross_val_score\n",
    "from sklearn.preprocessing import LabelEncoder\n",
    "import pandas as pd\n",
    "from sklearn.model_selection import train_test_split\n",
    "from pandas.api.types import is_numeric_dtype\n",
    "import numpy as np\n",
    "le = LabelEncoder()\n",
    "\n",
    "\n",
    "data = pd.read_csv('dataset.csv', index_col=0)\n",
    "for col in data.columns:\n",
    "    if(not is_numeric_dtype(data[col])):\n",
    "        data[col] = le.fit_transform(data[col])\n",
    "X = data.loc[:, data.columns != 'popularity'].values\n",
    "\n",
    "y = data['popularity'].values\n",
    "X.shape, y.shape\n",
    "print(X[1])\n",
    "print(y[1])\n",
    "size_test = 0.2\n",
    "size_validation = 0.2\n",
    "size_train = 0.6\n",
    "\n",
    "from sklearn.model_selection import train_test_split\n",
    "\n",
    "# first split into training / test, where the training set\n",
    "# will be further split into training / validation\n",
    "X_train, X_test, y_train, y_test = train_test_split(\n",
    "    X, y, test_size=size_test, random_state=5)\n"
   ]
  },
  {
   "cell_type": "markdown",
   "id": "e5c52a43-d2f0-4a5d-badb-b3b24167661e",
   "metadata": {},
   "source": [
    "Random Forest"
   ]
  },
  {
   "cell_type": "code",
   "execution_count": 5,
   "id": "8a9bdc17-57ce-4681-9c4e-e6729904277b",
   "metadata": {},
   "outputs": [
    {
     "name": "stdout",
     "output_type": "stream",
     "text": [
      "Mean squared error:  578.169\n",
      "Root mean squared error:  24.045\n"
     ]
    }
   ],
   "source": [
    "from sklearn.tree import DecisionTreeClassifier\n",
    "from sklearn.ensemble import RandomForestClassifier\n",
    "from sklearn.metrics import mean_squared_error \n",
    "import math\n",
    "classifier = RandomForestClassifier()\n",
    "classifier.fit(X_train, y_train)\n",
    "y_pred = classifier.predict(X_test)\n",
    "mse = mean_squared_error(y_test, y_pred)\n",
    "rmse = math.sqrt(mse)\n",
    "print(\"Mean squared error: \", round(mse, 3))\n",
    "print(\"Root mean squared error: \", round(rmse, 3))"
   ]
  },
  {
   "cell_type": "markdown",
   "id": "6e5c995d-6a67-44ad-a5eb-d890e34b671f",
   "metadata": {},
   "source": [
    "PCA"
   ]
  },
  {
   "cell_type": "code",
   "execution_count": 4,
   "id": "68e9eb93-6e11-4673-9170-acf9d88e2427",
   "metadata": {},
   "outputs": [
    {
     "name": "stdout",
     "output_type": "stream",
     "text": [
      "Linear Regression: Mean Squared Error = 496.8801470493465\n",
      "Linear Regression: Root mean Squared Error = 22.290808577737742\n",
      "Random Forest: Mean Squared Error = 293.6493592867706\n",
      "Random Forest: Root mean Squared Error = 17.136200258131048\n",
      "Gradient Boosting: Mean Squared Error = 484.0224836088925\n",
      "Gradient Boosting: Root mean Squared Error = 22.00051098517697\n",
      "SVR: Mean Squared Error = 494.4210311457136\n",
      "SVR: Root mean Squared Error = 22.235580297031007\n",
      "KNN: Mean Squared Error = 492.2234403508772\n",
      "KNN: Root mean Squared Error = 22.186109175582754\n",
      "MLP: Mean Squared Error = 1517.2458970593964\n",
      "MLP: Root mean Squared Error = 38.95184074032184\n"
     ]
    }
   ],
   "source": [
    "import matplotlib.pyplot as plt\n",
    "from sklearn.decomposition import PCA\n",
    "from sklearn.linear_model import LinearRegression\n",
    "from sklearn.metrics import mean_squared_error \n",
    "\n",
    "from sklearn.ensemble import RandomForestRegressor, GradientBoostingRegressor\n",
    "from sklearn.svm import SVR\n",
    "from sklearn.neighbors import KNeighborsRegressor\n",
    "from sklearn.neural_network import MLPRegressor\n",
    "import math\n",
    "\n",
    "pca = PCA(n_components=3)\n",
    "\n",
    "pca.fit(X_train)\n",
    "\n",
    "principal_components = pca.components_\n",
    "#print(principal_components)\n",
    "\n",
    "X_train_pca = pca.transform(X_train)\n",
    "\n",
    "X_test_pca = pca.transform(X_test)\n",
    "\n",
    "\n",
    "\n",
    "models = {\n",
    "    \"Linear Regression\": LinearRegression(),\n",
    "    \"Random Forest\": RandomForestRegressor(),\n",
    "    \"Gradient Boosting\": GradientBoostingRegressor(),\n",
    "    \"SVR\": SVR(),\n",
    "    \"KNN\": KNeighborsRegressor(),\n",
    "    \"MLP\": MLPRegressor()\n",
    "}\n",
    "\n",
    "for name, model in models.items():\n",
    "    model.fit(X_train_pca, y_train)\n",
    "    y_pred = model.predict(X_test_pca)\n",
    "    mse = mean_squared_error(y_test, y_pred)\n",
    "    rmse = math.sqrt(mse)\n",
    "    print(f\"{name}: Mean Squared Error = {mse}\")\n",
    "    print(f\"{name}: Root mean Squared Error = {rmse}\")"
   ]
  },
  {
   "cell_type": "markdown",
   "id": "266c4aff-ce13-4f9f-8d08-d037817dfe5b",
   "metadata": {},
   "source": [
    "Correlation Matrix"
   ]
  },
  {
   "cell_type": "code",
   "execution_count": null,
   "id": "b2c7cf61-4f50-4e46-b473-bdfdbd25beae",
   "metadata": {},
   "outputs": [
    {
     "data": {
      "text/html": [
       "<div>\n",
       "<style scoped>\n",
       "    .dataframe tbody tr th:only-of-type {\n",
       "        vertical-align: middle;\n",
       "    }\n",
       "\n",
       "    .dataframe tbody tr th {\n",
       "        vertical-align: top;\n",
       "    }\n",
       "\n",
       "    .dataframe thead th {\n",
       "        text-align: right;\n",
       "    }\n",
       "</style>\n",
       "<table border=\"1\" class=\"dataframe\">\n",
       "  <thead>\n",
       "    <tr style=\"text-align: right;\">\n",
       "      <th></th>\n",
       "      <th>track_id</th>\n",
       "      <th>artists</th>\n",
       "      <th>album_name</th>\n",
       "      <th>track_name</th>\n",
       "      <th>popularity</th>\n",
       "      <th>duration_ms</th>\n",
       "      <th>explicit</th>\n",
       "      <th>danceability</th>\n",
       "      <th>energy</th>\n",
       "      <th>key</th>\n",
       "      <th>loudness</th>\n",
       "      <th>mode</th>\n",
       "      <th>speechiness</th>\n",
       "      <th>acousticness</th>\n",
       "      <th>instrumentalness</th>\n",
       "      <th>liveness</th>\n",
       "      <th>valence</th>\n",
       "      <th>tempo</th>\n",
       "      <th>time_signature</th>\n",
       "      <th>track_genre</th>\n",
       "    </tr>\n",
       "  </thead>\n",
       "  <tbody>\n",
       "    <tr>\n",
       "      <th>track_id</th>\n",
       "      <td>1.000000</td>\n",
       "      <td>0.003145</td>\n",
       "      <td>0.007099</td>\n",
       "      <td>0.005522</td>\n",
       "      <td>0.003243</td>\n",
       "      <td>-0.002948</td>\n",
       "      <td>0.004163</td>\n",
       "      <td>-0.000227</td>\n",
       "      <td>-0.000496</td>\n",
       "      <td>-0.003049</td>\n",
       "      <td>0.001659</td>\n",
       "      <td>-0.006385</td>\n",
       "      <td>-0.000463</td>\n",
       "      <td>0.001339</td>\n",
       "      <td>-0.000122</td>\n",
       "      <td>-0.003250</td>\n",
       "      <td>0.001762</td>\n",
       "      <td>-0.008136</td>\n",
       "      <td>-0.003744</td>\n",
       "      <td>-0.003892</td>\n",
       "    </tr>\n",
       "    <tr>\n",
       "      <th>artists</th>\n",
       "      <td>0.003145</td>\n",
       "      <td>1.000000</td>\n",
       "      <td>0.090200</td>\n",
       "      <td>0.038962</td>\n",
       "      <td>0.003613</td>\n",
       "      <td>-0.021607</td>\n",
       "      <td>-0.004681</td>\n",
       "      <td>-0.009931</td>\n",
       "      <td>-0.005585</td>\n",
       "      <td>0.006627</td>\n",
       "      <td>-0.018849</td>\n",
       "      <td>-0.002994</td>\n",
       "      <td>-0.016232</td>\n",
       "      <td>-0.004201</td>\n",
       "      <td>0.016062</td>\n",
       "      <td>-0.007998</td>\n",
       "      <td>0.001034</td>\n",
       "      <td>0.001176</td>\n",
       "      <td>-0.008205</td>\n",
       "      <td>-0.008684</td>\n",
       "    </tr>\n",
       "    <tr>\n",
       "      <th>album_name</th>\n",
       "      <td>0.007099</td>\n",
       "      <td>0.090200</td>\n",
       "      <td>1.000000</td>\n",
       "      <td>0.303326</td>\n",
       "      <td>0.042476</td>\n",
       "      <td>0.006659</td>\n",
       "      <td>0.000366</td>\n",
       "      <td>-0.019172</td>\n",
       "      <td>-0.044734</td>\n",
       "      <td>-0.006879</td>\n",
       "      <td>-0.032245</td>\n",
       "      <td>-0.000470</td>\n",
       "      <td>-0.013400</td>\n",
       "      <td>0.033436</td>\n",
       "      <td>0.001293</td>\n",
       "      <td>-0.027725</td>\n",
       "      <td>-0.041685</td>\n",
       "      <td>-0.003281</td>\n",
       "      <td>-0.001222</td>\n",
       "      <td>0.003509</td>\n",
       "    </tr>\n",
       "    <tr>\n",
       "      <th>track_name</th>\n",
       "      <td>0.005522</td>\n",
       "      <td>0.038962</td>\n",
       "      <td>0.303326</td>\n",
       "      <td>1.000000</td>\n",
       "      <td>0.011911</td>\n",
       "      <td>0.004122</td>\n",
       "      <td>-0.005851</td>\n",
       "      <td>-0.020873</td>\n",
       "      <td>-0.039645</td>\n",
       "      <td>-0.003901</td>\n",
       "      <td>-0.012528</td>\n",
       "      <td>0.006074</td>\n",
       "      <td>-0.025669</td>\n",
       "      <td>0.035894</td>\n",
       "      <td>-0.024628</td>\n",
       "      <td>-0.005687</td>\n",
       "      <td>-0.016535</td>\n",
       "      <td>0.005590</td>\n",
       "      <td>-0.002533</td>\n",
       "      <td>0.001864</td>\n",
       "    </tr>\n",
       "    <tr>\n",
       "      <th>popularity</th>\n",
       "      <td>0.003243</td>\n",
       "      <td>0.003613</td>\n",
       "      <td>0.042476</td>\n",
       "      <td>0.011911</td>\n",
       "      <td>1.000000</td>\n",
       "      <td>-0.007101</td>\n",
       "      <td>0.044082</td>\n",
       "      <td>0.035448</td>\n",
       "      <td>0.001056</td>\n",
       "      <td>-0.003853</td>\n",
       "      <td>0.050423</td>\n",
       "      <td>-0.013931</td>\n",
       "      <td>-0.044927</td>\n",
       "      <td>-0.025472</td>\n",
       "      <td>-0.095139</td>\n",
       "      <td>-0.005387</td>\n",
       "      <td>-0.040534</td>\n",
       "      <td>0.013205</td>\n",
       "      <td>0.031073</td>\n",
       "      <td>0.032692</td>\n",
       "    </tr>\n",
       "    <tr>\n",
       "      <th>duration_ms</th>\n",
       "      <td>-0.002948</td>\n",
       "      <td>-0.021607</td>\n",
       "      <td>0.006659</td>\n",
       "      <td>0.004122</td>\n",
       "      <td>-0.007101</td>\n",
       "      <td>1.000000</td>\n",
       "      <td>-0.065263</td>\n",
       "      <td>-0.073426</td>\n",
       "      <td>0.058523</td>\n",
       "      <td>0.008114</td>\n",
       "      <td>-0.003470</td>\n",
       "      <td>-0.035556</td>\n",
       "      <td>-0.062600</td>\n",
       "      <td>-0.103788</td>\n",
       "      <td>0.124371</td>\n",
       "      <td>0.010321</td>\n",
       "      <td>-0.154479</td>\n",
       "      <td>0.024346</td>\n",
       "      <td>0.018225</td>\n",
       "      <td>-0.032826</td>\n",
       "    </tr>\n",
       "    <tr>\n",
       "      <th>explicit</th>\n",
       "      <td>0.004163</td>\n",
       "      <td>-0.004681</td>\n",
       "      <td>0.000366</td>\n",
       "      <td>-0.005851</td>\n",
       "      <td>0.044082</td>\n",
       "      <td>-0.065263</td>\n",
       "      <td>1.000000</td>\n",
       "      <td>0.122507</td>\n",
       "      <td>0.096955</td>\n",
       "      <td>0.004484</td>\n",
       "      <td>0.108588</td>\n",
       "      <td>-0.037212</td>\n",
       "      <td>0.307952</td>\n",
       "      <td>-0.094403</td>\n",
       "      <td>-0.103404</td>\n",
       "      <td>0.032549</td>\n",
       "      <td>-0.003381</td>\n",
       "      <td>-0.002816</td>\n",
       "      <td>0.038386</td>\n",
       "      <td>-0.054828</td>\n",
       "    </tr>\n",
       "    <tr>\n",
       "      <th>danceability</th>\n",
       "      <td>-0.000227</td>\n",
       "      <td>-0.009931</td>\n",
       "      <td>-0.019172</td>\n",
       "      <td>-0.020873</td>\n",
       "      <td>0.035448</td>\n",
       "      <td>-0.073426</td>\n",
       "      <td>0.122507</td>\n",
       "      <td>1.000000</td>\n",
       "      <td>0.134325</td>\n",
       "      <td>0.036469</td>\n",
       "      <td>0.259077</td>\n",
       "      <td>-0.069219</td>\n",
       "      <td>0.108626</td>\n",
       "      <td>-0.171533</td>\n",
       "      <td>-0.185606</td>\n",
       "      <td>-0.131617</td>\n",
       "      <td>0.477341</td>\n",
       "      <td>-0.050450</td>\n",
       "      <td>0.207218</td>\n",
       "      <td>0.003569</td>\n",
       "    </tr>\n",
       "    <tr>\n",
       "      <th>energy</th>\n",
       "      <td>-0.000496</td>\n",
       "      <td>-0.005585</td>\n",
       "      <td>-0.044734</td>\n",
       "      <td>-0.039645</td>\n",
       "      <td>0.001056</td>\n",
       "      <td>0.058523</td>\n",
       "      <td>0.096955</td>\n",
       "      <td>0.134325</td>\n",
       "      <td>1.000000</td>\n",
       "      <td>0.048006</td>\n",
       "      <td>0.761690</td>\n",
       "      <td>-0.078362</td>\n",
       "      <td>0.142509</td>\n",
       "      <td>-0.733906</td>\n",
       "      <td>-0.181879</td>\n",
       "      <td>0.184796</td>\n",
       "      <td>0.258934</td>\n",
       "      <td>0.247851</td>\n",
       "      <td>0.187126</td>\n",
       "      <td>-0.056175</td>\n",
       "    </tr>\n",
       "    <tr>\n",
       "      <th>key</th>\n",
       "      <td>-0.003049</td>\n",
       "      <td>0.006627</td>\n",
       "      <td>-0.006879</td>\n",
       "      <td>-0.003901</td>\n",
       "      <td>-0.003853</td>\n",
       "      <td>0.008114</td>\n",
       "      <td>0.004484</td>\n",
       "      <td>0.036469</td>\n",
       "      <td>0.048006</td>\n",
       "      <td>1.000000</td>\n",
       "      <td>0.038590</td>\n",
       "      <td>-0.135916</td>\n",
       "      <td>0.020418</td>\n",
       "      <td>-0.040937</td>\n",
       "      <td>-0.006823</td>\n",
       "      <td>-0.001600</td>\n",
       "      <td>0.034103</td>\n",
       "      <td>0.010917</td>\n",
       "      <td>0.015065</td>\n",
       "      <td>-0.005508</td>\n",
       "    </tr>\n",
       "    <tr>\n",
       "      <th>loudness</th>\n",
       "      <td>0.001659</td>\n",
       "      <td>-0.018849</td>\n",
       "      <td>-0.032245</td>\n",
       "      <td>-0.012528</td>\n",
       "      <td>0.050423</td>\n",
       "      <td>-0.003470</td>\n",
       "      <td>0.108588</td>\n",
       "      <td>0.259077</td>\n",
       "      <td>0.761690</td>\n",
       "      <td>0.038590</td>\n",
       "      <td>1.000000</td>\n",
       "      <td>-0.041764</td>\n",
       "      <td>0.060826</td>\n",
       "      <td>-0.589803</td>\n",
       "      <td>-0.433477</td>\n",
       "      <td>0.076899</td>\n",
       "      <td>0.279848</td>\n",
       "      <td>0.212446</td>\n",
       "      <td>0.191992</td>\n",
       "      <td>-0.027233</td>\n",
       "    </tr>\n",
       "    <tr>\n",
       "      <th>mode</th>\n",
       "      <td>-0.006385</td>\n",
       "      <td>-0.002994</td>\n",
       "      <td>-0.000470</td>\n",
       "      <td>0.006074</td>\n",
       "      <td>-0.013931</td>\n",
       "      <td>-0.035556</td>\n",
       "      <td>-0.037212</td>\n",
       "      <td>-0.069219</td>\n",
       "      <td>-0.078362</td>\n",
       "      <td>-0.135916</td>\n",
       "      <td>-0.041764</td>\n",
       "      <td>1.000000</td>\n",
       "      <td>-0.046532</td>\n",
       "      <td>0.095553</td>\n",
       "      <td>-0.049955</td>\n",
       "      <td>0.014012</td>\n",
       "      <td>0.021953</td>\n",
       "      <td>0.000566</td>\n",
       "      <td>-0.024092</td>\n",
       "      <td>0.005242</td>\n",
       "    </tr>\n",
       "    <tr>\n",
       "      <th>speechiness</th>\n",
       "      <td>-0.000463</td>\n",
       "      <td>-0.016232</td>\n",
       "      <td>-0.013400</td>\n",
       "      <td>-0.025669</td>\n",
       "      <td>-0.044927</td>\n",
       "      <td>-0.062600</td>\n",
       "      <td>0.307952</td>\n",
       "      <td>0.108626</td>\n",
       "      <td>0.142509</td>\n",
       "      <td>0.020418</td>\n",
       "      <td>0.060826</td>\n",
       "      <td>-0.046532</td>\n",
       "      <td>1.000000</td>\n",
       "      <td>-0.002186</td>\n",
       "      <td>-0.089616</td>\n",
       "      <td>0.205219</td>\n",
       "      <td>0.036635</td>\n",
       "      <td>0.017273</td>\n",
       "      <td>-0.000011</td>\n",
       "      <td>-0.085145</td>\n",
       "    </tr>\n",
       "    <tr>\n",
       "      <th>acousticness</th>\n",
       "      <td>0.001339</td>\n",
       "      <td>-0.004201</td>\n",
       "      <td>0.033436</td>\n",
       "      <td>0.035894</td>\n",
       "      <td>-0.025472</td>\n",
       "      <td>-0.103788</td>\n",
       "      <td>-0.094403</td>\n",
       "      <td>-0.171533</td>\n",
       "      <td>-0.733906</td>\n",
       "      <td>-0.040937</td>\n",
       "      <td>-0.589803</td>\n",
       "      <td>0.095553</td>\n",
       "      <td>-0.002186</td>\n",
       "      <td>1.000000</td>\n",
       "      <td>0.104027</td>\n",
       "      <td>-0.020700</td>\n",
       "      <td>-0.107070</td>\n",
       "      <td>-0.208224</td>\n",
       "      <td>-0.176138</td>\n",
       "      <td>0.077217</td>\n",
       "    </tr>\n",
       "    <tr>\n",
       "      <th>instrumentalness</th>\n",
       "      <td>-0.000122</td>\n",
       "      <td>0.016062</td>\n",
       "      <td>0.001293</td>\n",
       "      <td>-0.024628</td>\n",
       "      <td>-0.095139</td>\n",
       "      <td>0.124371</td>\n",
       "      <td>-0.103404</td>\n",
       "      <td>-0.185606</td>\n",
       "      <td>-0.181879</td>\n",
       "      <td>-0.006823</td>\n",
       "      <td>-0.433477</td>\n",
       "      <td>-0.049955</td>\n",
       "      <td>-0.089616</td>\n",
       "      <td>0.104027</td>\n",
       "      <td>1.000000</td>\n",
       "      <td>-0.079893</td>\n",
       "      <td>-0.324312</td>\n",
       "      <td>-0.050330</td>\n",
       "      <td>-0.082580</td>\n",
       "      <td>-0.070664</td>\n",
       "    </tr>\n",
       "    <tr>\n",
       "      <th>liveness</th>\n",
       "      <td>-0.003250</td>\n",
       "      <td>-0.007998</td>\n",
       "      <td>-0.027725</td>\n",
       "      <td>-0.005687</td>\n",
       "      <td>-0.005387</td>\n",
       "      <td>0.010321</td>\n",
       "      <td>0.032549</td>\n",
       "      <td>-0.131617</td>\n",
       "      <td>0.184796</td>\n",
       "      <td>-0.001600</td>\n",
       "      <td>0.076899</td>\n",
       "      <td>0.014012</td>\n",
       "      <td>0.205219</td>\n",
       "      <td>-0.020700</td>\n",
       "      <td>-0.079893</td>\n",
       "      <td>1.000000</td>\n",
       "      <td>0.019086</td>\n",
       "      <td>0.000600</td>\n",
       "      <td>-0.023651</td>\n",
       "      <td>0.033565</td>\n",
       "    </tr>\n",
       "    <tr>\n",
       "      <th>valence</th>\n",
       "      <td>0.001762</td>\n",
       "      <td>0.001034</td>\n",
       "      <td>-0.041685</td>\n",
       "      <td>-0.016535</td>\n",
       "      <td>-0.040534</td>\n",
       "      <td>-0.154479</td>\n",
       "      <td>-0.003381</td>\n",
       "      <td>0.477341</td>\n",
       "      <td>0.258934</td>\n",
       "      <td>0.034103</td>\n",
       "      <td>0.279848</td>\n",
       "      <td>0.021953</td>\n",
       "      <td>0.036635</td>\n",
       "      <td>-0.107070</td>\n",
       "      <td>-0.324312</td>\n",
       "      <td>0.019086</td>\n",
       "      <td>1.000000</td>\n",
       "      <td>0.078273</td>\n",
       "      <td>0.133686</td>\n",
       "      <td>0.053307</td>\n",
       "    </tr>\n",
       "    <tr>\n",
       "      <th>tempo</th>\n",
       "      <td>-0.008136</td>\n",
       "      <td>0.001176</td>\n",
       "      <td>-0.003281</td>\n",
       "      <td>0.005590</td>\n",
       "      <td>0.013205</td>\n",
       "      <td>0.024346</td>\n",
       "      <td>-0.002816</td>\n",
       "      <td>-0.050450</td>\n",
       "      <td>0.247851</td>\n",
       "      <td>0.010917</td>\n",
       "      <td>0.212446</td>\n",
       "      <td>0.000566</td>\n",
       "      <td>0.017273</td>\n",
       "      <td>-0.208224</td>\n",
       "      <td>-0.050330</td>\n",
       "      <td>0.000600</td>\n",
       "      <td>0.078273</td>\n",
       "      <td>1.000000</td>\n",
       "      <td>0.066641</td>\n",
       "      <td>-0.025926</td>\n",
       "    </tr>\n",
       "    <tr>\n",
       "      <th>time_signature</th>\n",
       "      <td>-0.003744</td>\n",
       "      <td>-0.008205</td>\n",
       "      <td>-0.001222</td>\n",
       "      <td>-0.002533</td>\n",
       "      <td>0.031073</td>\n",
       "      <td>0.018225</td>\n",
       "      <td>0.038386</td>\n",
       "      <td>0.207218</td>\n",
       "      <td>0.187126</td>\n",
       "      <td>0.015065</td>\n",
       "      <td>0.191992</td>\n",
       "      <td>-0.024092</td>\n",
       "      <td>-0.000011</td>\n",
       "      <td>-0.176138</td>\n",
       "      <td>-0.082580</td>\n",
       "      <td>-0.023651</td>\n",
       "      <td>0.133686</td>\n",
       "      <td>0.066641</td>\n",
       "      <td>1.000000</td>\n",
       "      <td>-0.021005</td>\n",
       "    </tr>\n",
       "    <tr>\n",
       "      <th>track_genre</th>\n",
       "      <td>-0.003892</td>\n",
       "      <td>-0.008684</td>\n",
       "      <td>0.003509</td>\n",
       "      <td>0.001864</td>\n",
       "      <td>0.032692</td>\n",
       "      <td>-0.032826</td>\n",
       "      <td>-0.054828</td>\n",
       "      <td>0.003569</td>\n",
       "      <td>-0.056175</td>\n",
       "      <td>-0.005508</td>\n",
       "      <td>-0.027233</td>\n",
       "      <td>0.005242</td>\n",
       "      <td>-0.085145</td>\n",
       "      <td>0.077217</td>\n",
       "      <td>-0.070664</td>\n",
       "      <td>0.033565</td>\n",
       "      <td>0.053307</td>\n",
       "      <td>-0.025926</td>\n",
       "      <td>-0.021005</td>\n",
       "      <td>1.000000</td>\n",
       "    </tr>\n",
       "  </tbody>\n",
       "</table>\n",
       "</div>"
      ],
      "text/plain": [
       "                  track_id   artists  album_name  track_name  popularity  \\\n",
       "track_id          1.000000  0.003145    0.007099    0.005522    0.003243   \n",
       "artists           0.003145  1.000000    0.090200    0.038962    0.003613   \n",
       "album_name        0.007099  0.090200    1.000000    0.303326    0.042476   \n",
       "track_name        0.005522  0.038962    0.303326    1.000000    0.011911   \n",
       "popularity        0.003243  0.003613    0.042476    0.011911    1.000000   \n",
       "duration_ms      -0.002948 -0.021607    0.006659    0.004122   -0.007101   \n",
       "explicit          0.004163 -0.004681    0.000366   -0.005851    0.044082   \n",
       "danceability     -0.000227 -0.009931   -0.019172   -0.020873    0.035448   \n",
       "energy           -0.000496 -0.005585   -0.044734   -0.039645    0.001056   \n",
       "key              -0.003049  0.006627   -0.006879   -0.003901   -0.003853   \n",
       "loudness          0.001659 -0.018849   -0.032245   -0.012528    0.050423   \n",
       "mode             -0.006385 -0.002994   -0.000470    0.006074   -0.013931   \n",
       "speechiness      -0.000463 -0.016232   -0.013400   -0.025669   -0.044927   \n",
       "acousticness      0.001339 -0.004201    0.033436    0.035894   -0.025472   \n",
       "instrumentalness -0.000122  0.016062    0.001293   -0.024628   -0.095139   \n",
       "liveness         -0.003250 -0.007998   -0.027725   -0.005687   -0.005387   \n",
       "valence           0.001762  0.001034   -0.041685   -0.016535   -0.040534   \n",
       "tempo            -0.008136  0.001176   -0.003281    0.005590    0.013205   \n",
       "time_signature   -0.003744 -0.008205   -0.001222   -0.002533    0.031073   \n",
       "track_genre      -0.003892 -0.008684    0.003509    0.001864    0.032692   \n",
       "\n",
       "                  duration_ms  explicit  danceability    energy       key  \\\n",
       "track_id            -0.002948  0.004163     -0.000227 -0.000496 -0.003049   \n",
       "artists             -0.021607 -0.004681     -0.009931 -0.005585  0.006627   \n",
       "album_name           0.006659  0.000366     -0.019172 -0.044734 -0.006879   \n",
       "track_name           0.004122 -0.005851     -0.020873 -0.039645 -0.003901   \n",
       "popularity          -0.007101  0.044082      0.035448  0.001056 -0.003853   \n",
       "duration_ms          1.000000 -0.065263     -0.073426  0.058523  0.008114   \n",
       "explicit            -0.065263  1.000000      0.122507  0.096955  0.004484   \n",
       "danceability        -0.073426  0.122507      1.000000  0.134325  0.036469   \n",
       "energy               0.058523  0.096955      0.134325  1.000000  0.048006   \n",
       "key                  0.008114  0.004484      0.036469  0.048006  1.000000   \n",
       "loudness            -0.003470  0.108588      0.259077  0.761690  0.038590   \n",
       "mode                -0.035556 -0.037212     -0.069219 -0.078362 -0.135916   \n",
       "speechiness         -0.062600  0.307952      0.108626  0.142509  0.020418   \n",
       "acousticness        -0.103788 -0.094403     -0.171533 -0.733906 -0.040937   \n",
       "instrumentalness     0.124371 -0.103404     -0.185606 -0.181879 -0.006823   \n",
       "liveness             0.010321  0.032549     -0.131617  0.184796 -0.001600   \n",
       "valence             -0.154479 -0.003381      0.477341  0.258934  0.034103   \n",
       "tempo                0.024346 -0.002816     -0.050450  0.247851  0.010917   \n",
       "time_signature       0.018225  0.038386      0.207218  0.187126  0.015065   \n",
       "track_genre         -0.032826 -0.054828      0.003569 -0.056175 -0.005508   \n",
       "\n",
       "                  loudness      mode  speechiness  acousticness  \\\n",
       "track_id          0.001659 -0.006385    -0.000463      0.001339   \n",
       "artists          -0.018849 -0.002994    -0.016232     -0.004201   \n",
       "album_name       -0.032245 -0.000470    -0.013400      0.033436   \n",
       "track_name       -0.012528  0.006074    -0.025669      0.035894   \n",
       "popularity        0.050423 -0.013931    -0.044927     -0.025472   \n",
       "duration_ms      -0.003470 -0.035556    -0.062600     -0.103788   \n",
       "explicit          0.108588 -0.037212     0.307952     -0.094403   \n",
       "danceability      0.259077 -0.069219     0.108626     -0.171533   \n",
       "energy            0.761690 -0.078362     0.142509     -0.733906   \n",
       "key               0.038590 -0.135916     0.020418     -0.040937   \n",
       "loudness          1.000000 -0.041764     0.060826     -0.589803   \n",
       "mode             -0.041764  1.000000    -0.046532      0.095553   \n",
       "speechiness       0.060826 -0.046532     1.000000     -0.002186   \n",
       "acousticness     -0.589803  0.095553    -0.002186      1.000000   \n",
       "instrumentalness -0.433477 -0.049955    -0.089616      0.104027   \n",
       "liveness          0.076899  0.014012     0.205219     -0.020700   \n",
       "valence           0.279848  0.021953     0.036635     -0.107070   \n",
       "tempo             0.212446  0.000566     0.017273     -0.208224   \n",
       "time_signature    0.191992 -0.024092    -0.000011     -0.176138   \n",
       "track_genre      -0.027233  0.005242    -0.085145      0.077217   \n",
       "\n",
       "                  instrumentalness  liveness   valence     tempo  \\\n",
       "track_id                 -0.000122 -0.003250  0.001762 -0.008136   \n",
       "artists                   0.016062 -0.007998  0.001034  0.001176   \n",
       "album_name                0.001293 -0.027725 -0.041685 -0.003281   \n",
       "track_name               -0.024628 -0.005687 -0.016535  0.005590   \n",
       "popularity               -0.095139 -0.005387 -0.040534  0.013205   \n",
       "duration_ms               0.124371  0.010321 -0.154479  0.024346   \n",
       "explicit                 -0.103404  0.032549 -0.003381 -0.002816   \n",
       "danceability             -0.185606 -0.131617  0.477341 -0.050450   \n",
       "energy                   -0.181879  0.184796  0.258934  0.247851   \n",
       "key                      -0.006823 -0.001600  0.034103  0.010917   \n",
       "loudness                 -0.433477  0.076899  0.279848  0.212446   \n",
       "mode                     -0.049955  0.014012  0.021953  0.000566   \n",
       "speechiness              -0.089616  0.205219  0.036635  0.017273   \n",
       "acousticness              0.104027 -0.020700 -0.107070 -0.208224   \n",
       "instrumentalness          1.000000 -0.079893 -0.324312 -0.050330   \n",
       "liveness                 -0.079893  1.000000  0.019086  0.000600   \n",
       "valence                  -0.324312  0.019086  1.000000  0.078273   \n",
       "tempo                    -0.050330  0.000600  0.078273  1.000000   \n",
       "time_signature           -0.082580 -0.023651  0.133686  0.066641   \n",
       "track_genre              -0.070664  0.033565  0.053307 -0.025926   \n",
       "\n",
       "                  time_signature  track_genre  \n",
       "track_id               -0.003744    -0.003892  \n",
       "artists                -0.008205    -0.008684  \n",
       "album_name             -0.001222     0.003509  \n",
       "track_name             -0.002533     0.001864  \n",
       "popularity              0.031073     0.032692  \n",
       "duration_ms             0.018225    -0.032826  \n",
       "explicit                0.038386    -0.054828  \n",
       "danceability            0.207218     0.003569  \n",
       "energy                  0.187126    -0.056175  \n",
       "key                     0.015065    -0.005508  \n",
       "loudness                0.191992    -0.027233  \n",
       "mode                   -0.024092     0.005242  \n",
       "speechiness            -0.000011    -0.085145  \n",
       "acousticness           -0.176138     0.077217  \n",
       "instrumentalness       -0.082580    -0.070664  \n",
       "liveness               -0.023651     0.033565  \n",
       "valence                 0.133686     0.053307  \n",
       "tempo                   0.066641    -0.025926  \n",
       "time_signature          1.000000    -0.021005  \n",
       "track_genre            -0.021005     1.000000  "
      ]
     },
     "execution_count": 5,
     "metadata": {},
     "output_type": "execute_result"
    }
   ],
   "source": [
    "data.corr()"
   ]
  },
  {
   "cell_type": "code",
   "execution_count": 7,
   "id": "17955535-298e-442c-93b9-3c7cc4c3af13",
   "metadata": {},
   "outputs": [
    {
     "name": "stderr",
     "output_type": "stream",
     "text": [
      "/home/glen/.local/lib/python3.10/site-packages/sklearn/model_selection/_split.py:737: UserWarning: The least populated class in y has only 1 members, which is less than n_splits=5.\n",
      "  warnings.warn(\n"
     ]
    },
    {
     "data": {
      "text/html": [
       "<style>#sk-container-id-1 {\n",
       "  /* Definition of color scheme common for light and dark mode */\n",
       "  --sklearn-color-text: black;\n",
       "  --sklearn-color-line: gray;\n",
       "  /* Definition of color scheme for unfitted estimators */\n",
       "  --sklearn-color-unfitted-level-0: #fff5e6;\n",
       "  --sklearn-color-unfitted-level-1: #f6e4d2;\n",
       "  --sklearn-color-unfitted-level-2: #ffe0b3;\n",
       "  --sklearn-color-unfitted-level-3: chocolate;\n",
       "  /* Definition of color scheme for fitted estimators */\n",
       "  --sklearn-color-fitted-level-0: #f0f8ff;\n",
       "  --sklearn-color-fitted-level-1: #d4ebff;\n",
       "  --sklearn-color-fitted-level-2: #b3dbfd;\n",
       "  --sklearn-color-fitted-level-3: cornflowerblue;\n",
       "\n",
       "  /* Specific color for light theme */\n",
       "  --sklearn-color-text-on-default-background: var(--sg-text-color, var(--theme-code-foreground, var(--jp-content-font-color1, black)));\n",
       "  --sklearn-color-background: var(--sg-background-color, var(--theme-background, var(--jp-layout-color0, white)));\n",
       "  --sklearn-color-border-box: var(--sg-text-color, var(--theme-code-foreground, var(--jp-content-font-color1, black)));\n",
       "  --sklearn-color-icon: #696969;\n",
       "\n",
       "  @media (prefers-color-scheme: dark) {\n",
       "    /* Redefinition of color scheme for dark theme */\n",
       "    --sklearn-color-text-on-default-background: var(--sg-text-color, var(--theme-code-foreground, var(--jp-content-font-color1, white)));\n",
       "    --sklearn-color-background: var(--sg-background-color, var(--theme-background, var(--jp-layout-color0, #111)));\n",
       "    --sklearn-color-border-box: var(--sg-text-color, var(--theme-code-foreground, var(--jp-content-font-color1, white)));\n",
       "    --sklearn-color-icon: #878787;\n",
       "  }\n",
       "}\n",
       "\n",
       "#sk-container-id-1 {\n",
       "  color: var(--sklearn-color-text);\n",
       "}\n",
       "\n",
       "#sk-container-id-1 pre {\n",
       "  padding: 0;\n",
       "}\n",
       "\n",
       "#sk-container-id-1 input.sk-hidden--visually {\n",
       "  border: 0;\n",
       "  clip: rect(1px 1px 1px 1px);\n",
       "  clip: rect(1px, 1px, 1px, 1px);\n",
       "  height: 1px;\n",
       "  margin: -1px;\n",
       "  overflow: hidden;\n",
       "  padding: 0;\n",
       "  position: absolute;\n",
       "  width: 1px;\n",
       "}\n",
       "\n",
       "#sk-container-id-1 div.sk-dashed-wrapped {\n",
       "  border: 1px dashed var(--sklearn-color-line);\n",
       "  margin: 0 0.4em 0.5em 0.4em;\n",
       "  box-sizing: border-box;\n",
       "  padding-bottom: 0.4em;\n",
       "  background-color: var(--sklearn-color-background);\n",
       "}\n",
       "\n",
       "#sk-container-id-1 div.sk-container {\n",
       "  /* jupyter's `normalize.less` sets `[hidden] { display: none; }`\n",
       "     but bootstrap.min.css set `[hidden] { display: none !important; }`\n",
       "     so we also need the `!important` here to be able to override the\n",
       "     default hidden behavior on the sphinx rendered scikit-learn.org.\n",
       "     See: https://github.com/scikit-learn/scikit-learn/issues/21755 */\n",
       "  display: inline-block !important;\n",
       "  position: relative;\n",
       "}\n",
       "\n",
       "#sk-container-id-1 div.sk-text-repr-fallback {\n",
       "  display: none;\n",
       "}\n",
       "\n",
       "div.sk-parallel-item,\n",
       "div.sk-serial,\n",
       "div.sk-item {\n",
       "  /* draw centered vertical line to link estimators */\n",
       "  background-image: linear-gradient(var(--sklearn-color-text-on-default-background), var(--sklearn-color-text-on-default-background));\n",
       "  background-size: 2px 100%;\n",
       "  background-repeat: no-repeat;\n",
       "  background-position: center center;\n",
       "}\n",
       "\n",
       "/* Parallel-specific style estimator block */\n",
       "\n",
       "#sk-container-id-1 div.sk-parallel-item::after {\n",
       "  content: \"\";\n",
       "  width: 100%;\n",
       "  border-bottom: 2px solid var(--sklearn-color-text-on-default-background);\n",
       "  flex-grow: 1;\n",
       "}\n",
       "\n",
       "#sk-container-id-1 div.sk-parallel {\n",
       "  display: flex;\n",
       "  align-items: stretch;\n",
       "  justify-content: center;\n",
       "  background-color: var(--sklearn-color-background);\n",
       "  position: relative;\n",
       "}\n",
       "\n",
       "#sk-container-id-1 div.sk-parallel-item {\n",
       "  display: flex;\n",
       "  flex-direction: column;\n",
       "}\n",
       "\n",
       "#sk-container-id-1 div.sk-parallel-item:first-child::after {\n",
       "  align-self: flex-end;\n",
       "  width: 50%;\n",
       "}\n",
       "\n",
       "#sk-container-id-1 div.sk-parallel-item:last-child::after {\n",
       "  align-self: flex-start;\n",
       "  width: 50%;\n",
       "}\n",
       "\n",
       "#sk-container-id-1 div.sk-parallel-item:only-child::after {\n",
       "  width: 0;\n",
       "}\n",
       "\n",
       "/* Serial-specific style estimator block */\n",
       "\n",
       "#sk-container-id-1 div.sk-serial {\n",
       "  display: flex;\n",
       "  flex-direction: column;\n",
       "  align-items: center;\n",
       "  background-color: var(--sklearn-color-background);\n",
       "  padding-right: 1em;\n",
       "  padding-left: 1em;\n",
       "}\n",
       "\n",
       "\n",
       "/* Toggleable style: style used for estimator/Pipeline/ColumnTransformer box that is\n",
       "clickable and can be expanded/collapsed.\n",
       "- Pipeline and ColumnTransformer use this feature and define the default style\n",
       "- Estimators will overwrite some part of the style using the `sk-estimator` class\n",
       "*/\n",
       "\n",
       "/* Pipeline and ColumnTransformer style (default) */\n",
       "\n",
       "#sk-container-id-1 div.sk-toggleable {\n",
       "  /* Default theme specific background. It is overwritten whether we have a\n",
       "  specific estimator or a Pipeline/ColumnTransformer */\n",
       "  background-color: var(--sklearn-color-background);\n",
       "}\n",
       "\n",
       "/* Toggleable label */\n",
       "#sk-container-id-1 label.sk-toggleable__label {\n",
       "  cursor: pointer;\n",
       "  display: block;\n",
       "  width: 100%;\n",
       "  margin-bottom: 0;\n",
       "  padding: 0.5em;\n",
       "  box-sizing: border-box;\n",
       "  text-align: center;\n",
       "}\n",
       "\n",
       "#sk-container-id-1 label.sk-toggleable__label-arrow:before {\n",
       "  /* Arrow on the left of the label */\n",
       "  content: \"▸\";\n",
       "  float: left;\n",
       "  margin-right: 0.25em;\n",
       "  color: var(--sklearn-color-icon);\n",
       "}\n",
       "\n",
       "#sk-container-id-1 label.sk-toggleable__label-arrow:hover:before {\n",
       "  color: var(--sklearn-color-text);\n",
       "}\n",
       "\n",
       "/* Toggleable content - dropdown */\n",
       "\n",
       "#sk-container-id-1 div.sk-toggleable__content {\n",
       "  max-height: 0;\n",
       "  max-width: 0;\n",
       "  overflow: hidden;\n",
       "  text-align: left;\n",
       "  /* unfitted */\n",
       "  background-color: var(--sklearn-color-unfitted-level-0);\n",
       "}\n",
       "\n",
       "#sk-container-id-1 div.sk-toggleable__content.fitted {\n",
       "  /* fitted */\n",
